Command: 
../treeSim/./HIV_treeSim -c pt7.ctrl 

checkpoint time 3651.000000
totTime, numVirus, numCellInfect, numCellUninfect, numLatentComp, numLatentIncomp, memory(GB)
0.000000, 0, 1, 10000, 0, 0, 0.007564
104.226120, 110294, 451, 1622, 22, 483, 0.014144
250.985799, 124816, 517, 1390, 33, 923, 0.016079
404.208335, 117982, 486, 1636, 54, 1382, 0.015319
556.592738, 100283, 409, 1637, 79, 1813, 0.013090
709.807498, 106317, 441, 1554, 101, 2246, 0.013870
859.968805, 113933, 461, 1442, 120, 2660, 0.015004
1011.575915, 118783, 490, 1497, 134, 3071, 0.015641
1165.000145, 102450, 415, 1481, 147, 3519, 0.013579
1318.086873, 119464, 491, 1635, 156, 3922, 0.015833
1468.138677, 113896, 470, 1622, 175, 4326, 0.015225
1622.237561, 87399, 352, 1701, 188, 4720, 0.011794
1773.065055, 106360, 447, 1729, 202, 5100, 0.014259
1922.067375, 105243, 438, 1504, 212, 5447, 0.014170
2074.255228, 114143, 471, 1511, 215, 5825, 0.015448
2228.522416, 99947, 417, 1669, 221, 6208, 0.013638
2379.587315, 96552, 390, 1786, 231, 6568, 0.013275
2532.669868, 142848, 581, 1418, 244, 6912, 0.019226
2686.778210, 135672, 555, 1454, 249, 7287, 0.018425
2838.552602, 100486, 418, 1563, 271, 7655, 0.013893
2992.279757, 104616, 427, 1661, 264, 8008, 0.014429
3144.535283, 121069, 493, 1650, 286, 8347, 0.016609
3296.487670, 86821, 355, 1587, 285, 8657, 0.012254
3451.245330, 116102, 488, 1604, 291, 8984, 0.016107
3605.369767, 106623, 441, 1618, 288, 9279, 0.014839
Max memory used 0.152365
The number of bases in the alignment does not match the input number. The whole alignment will be used.
Command: 
../dnaSim/./dna_sim -u 0.0000356 -a 0.4294 -i K03455_C1V2.fasta -s 1 -t SampledTree.txt -l LatentStates.txt -o example -f 0.35322:0.17636:0.21123:0.25919-1.0:6.9801:1.0:1.0:6.9801:1.0 -r 

Rescaling instantaneous rate matrix so the average substition rate is one.
Then multiplying by the substituion rate. 
